AJ	B6	AJ	Axb1
0.06	0	0.06	0
236.88	213.95	236.88	213.15
0	0.14	0	0
0	0	0	0
0	0	0	0
0	0	0	0
10.04	4.09	10.04	3.6
0	0	0	0
16.25	17.89	16.25	14.53
17.34	32.29	17.34	34.65
44.57	40.92	44.57	33.58
0	0.07	0	0
2.99	4.46	2.99	5.69
6.34	7.26	6.34	4.21
9.65	6.98	9.65	5.38
79.34	71.02	79.34	75.82
30.3	31.47	30.3	26.64
4.35	8.51	4.35	3.98
3.38	5.31	3.38	4.9
2.67	2.84	2.67	2.73
26.04	23.15	26.04	25.35
14.8	17.73	14.8	11.3
3.05	6.3	3.05	3.34
20.03	23.33	20.03	18.46
0.06	0	0.06	0
0.01	0.36	0.01	0.12
0	0.29	0	0
0.59	1.07	0.59	1.19
0	0	0	0
3.87	8.98	3.87	11.27
41.59	36.19	41.59	33.11
89.47	83.36	89.47	94.54
0	0.72	0	1.16
64.28	87.5	64.28	84.48
0.13	0.21	0.13	0
6.8	8.23	6.8	8.28
0.11	0	0.11	0
6.5	13.62	6.5	8.95
45.11	48.54	45.11	58.42
41.42	25.63	41.42	15.05
4.46	3.99	4.46	3.92
19.69	23.29	19.69	19.28
4.19	3.65	4.19	4.08
1.92	3.78	1.92	1.78
0	0	0	0
76.8	108.36	76.8	145.43
6.26	9.03	6.26	14.04
0	0	0	0.32
12.28	8.53	12.28	13.72
0	0.33	0	0.51
1.79	2.23	1.79	1.45
28.25	16.51	28.25	10.52
15.07	20.94	15.07	9.85
10.89	9.68	10.89	8.97
0.19	1.03	0.19	0.65
28.94	60.85	28.94	53.52
0.3	0.79	0.3	0.09
11.95	16.36	11.95	19.9
8.03	7.12	8.03	9.67
0.58	1.16	0.58	0.39
19.18	19.01	19.18	18.57
16.71	15.74	16.71	10.1
39.27	41.28	39.27	49.16
8.21	5.47	8.21	4.6
38.85	36.9	38.85	26.62
14.94	15.02	14.94	12.37
36.05	26.63	36.05	30.41
14.49	23.24	14.49	31.95
0	0	0	0
26.85	44.77	26.85	56.42
13.24	12.73	13.24	14.12
0	0	0	0
0	0	0	0
10.97	15.44	10.97	15.06
7.67	8.66	7.67	6.29
0	0.14	0	0
4.13	6.13	4.13	6.56
19.02	23.29	19.02	12.59
0.27	0.25	0.27	0
70.72	74.34	70.72	83.79
36.54	32.87	36.54	28.27
51.98	36.97	51.98	23.83
15.57	20.74	15.57	18.77
232.51	289.34	232.51	284.53
0.92	0.75	0.92	0
10.01	9	10.01	9.03
0.28	0	0.28	0
59.93	61.44	59.93	51.96
8.56	7.45	8.56	6.24
14.63	15	14.63	11.89
82.99	64.13	82.99	54.07
12.9	25.14	12.9	25.34
62.54	78.07	62.54	89.53
53.6	52.17	53.6	43.63
0.23	0.38	0.23	0.12
0.23	0.36	0.23	0
0.66	1.2	0.66	1.13
0.31	0.12	0.31	0.33
37.71	45.46	37.71	43.04
46.77	29.21	46.77	30.4
33.65	32.06	33.65	28
0.16	0.17	0.16	0
0	0	0	0
0.38	0.12	0.38	0
3.23	3.56	3.23	2.12
41.4	34.72	41.4	44
19.96	36.9	19.96	17.17
23.69	23.18	23.69	28.34
0	0	0	0
0	0	0	0.23
0	0	0	0.24
0	0	0	0
0.3	0.12	0.3	0.25
0	0.09	0	0.02
0.63	0.63	0.63	0.95
13.06	13.8	13.06	13.78
17.52	15.73	17.52	16.63
0	0	0	0
27.95	55.26	27.95	41.03
48.89	71.74	48.89	97.33
16.73	18	16.73	20.46
851.76	1309.25	851.76	1796.85
23.52	19.73	23.52	18.13
45.11	29.72	45.11	41.52
5	9.35	5	13.7
74.61	102.03	74.61	103.57
38.1	26.38	38.1	28.84
4.12	7.84	4.12	3.39
0	0	0	0
0	0	0	0
0	0	0	0
7.19	5.4	7.19	5.93
8.46	12.72	8.46	8.97
68.27	73.29	68.27	64.75
0	0	0	0
15.59	20.2	15.59	22.49
0.12	0.2	0.12	0.13
12.05	20.4	12.05	20.12
35.4	28.25	35.4	19.38
28.83	34.35	28.83	36.57
0	0	0	0
0	0	0	0
0	0	0	0
0.43	0.15	0.43	0.16
3.5	8.13	3.5	5.3
0	0	0	0
6.92	8.68	6.92	5.26
68.86	39.62	68.86	37.57
0.09	0.22	0.09	0
12.56	8.44	12.56	9.9
22.44	24.43	22.44	23.47
0	0	0	0
0.19	0.52	0.19	0.04
10.53	8.93	10.53	7
46.57	49.12	46.57	46.51
4.06	6.19	4.06	8.37
0	0	0	0
33.87	23.45	33.87	22.11
7.8	8.77	7.8	14.04
5.91	2.02	5.91	2.22
5.34	4.12	5.34	4.44
28.23	26.23	28.23	22.22
0	0	0	0
100.69	101.93	100.69	105.5
0	0.02	0	0
0	0	0	0
0	0	0	0
62.38	51.55	62.38	46.35
0	0	0	0
0.09	0	0.09	0
30.93	29.46	30.93	24.42
21.36	18.99	21.36	13.15
17.7	13.08	17.7	17.22
0	0	0	0.09
0	0	0	0
0	0	0	0
0	0	0	0
0	0	0	0.14
23.95	21.63	23.95	19.2
0.11	0	0.11	0
0	0.02	0	0
27.67	22.44	27.67	16.81
12.1	9.79	12.1	10.76
0.2	0.15	0.2	0.11
0	0	0	0
0.47	1.13	0.47	0.59
21.69	36.57	21.69	37.87
5.69	6.22	5.69	7.55
27.78	24.54	27.78	26.45
111.73	135.65	111.73	126.88
0	0	0	0
8.34	6.27	8.34	9.13
0	0	0	0
40.45	25.93	40.45	23.54
0.27	1.77	0.27	3.32
5.77	9.98	5.77	10.5
25.45	19.76	25.45	15.17
53.68	63.85	53.68	65.5
7.53	10.38	7.53	9.27
70.97	81.83	70.97	67.97
31.65	47.66	31.65	49.08
35.68	38.89	35.68	33.6
35.76	28.13	35.76	19.47
0	0	0	0
0.02	0	0.02	0
0.3	0.03	0.3	0
18.09	20.16	18.09	13.7
21.76	22.29	21.76	25.76
11.91	10.41	11.91	9.35
56.81	56.46	56.81	51.19
31.96	45.42	31.96	44.07
4.52	7.95	4.52	13.04
0	0	0	0.09
4.52	4.41	4.52	3.99
18.75	19.71	18.75	19
20.1	16.32	20.1	15.6
87.01	120.6	87.01	113.05
57.59	86.82	57.59	76.66
35.18	30.85	35.18	23.76
0.24	0.18	0.24	0.83
19.65	17.58	19.65	22.36
39.49	46.77	39.49	39.56
4.81	6	4.81	5
4.65	2.48	4.65	2.96
10.57	16.3	10.57	17.44
13.47	14.57	13.47	13.92
0	0	0	0
47.85	69.93	47.85	68.89
5.19	3.5	5.19	5.77
10.91	8.21	10.91	4.72
0.78	1.24	0.78	1.1
23.63	16.83	23.63	12.31
0.35	0.87	0.35	0.72
0	0	0	0
22.91	16.83	22.91	14.32
0.16	0.07	0.16	0
0	0	0	0
0	0	0	0
2.95	2.81	2.95	2.1
0	0	0	0
0	0	0	0
9.97	7.72	9.97	6.16
1.78	3.35	1.78	3.46
2.64	2.39	2.64	0.69
13.21	15.83	13.21	10.69
0	0	0	0.18
0.42	0.2	0.42	0.1
2.24	2.3	2.24	3.34
17.68	20.65	17.68	20.42
36.48	35.95	36.48	29.82
33.38	18.88	33.38	13.76
0	0	0	0
83.28	90.65	83.28	79.06
0.15	0.26	0.15	0.02
1.68	2.2	1.68	0.72
3.04	3.87	3.04	4.38
0	0	0	0
0	0.03	0	0
4.08	3.81	4.08	4.15
12.53	14.13	12.53	18.6
15.59	8.3	15.59	6.34
0	0	0	0
21.25	14.87	21.25	12.73
0.05	0.04	0.05	0
14.9	12.73	14.9	9.88
14.64	10.45	14.64	15.86
20.66	15.59	20.66	14.27
0	0.68	0	1.01
0	0	0	0
0.01	0	0.01	0
30.75	33.94	30.75	27.82
5.07	5.84	5.07	6.56
14.27	20.39	14.27	24.69
14.63	14.28	14.63	14.25
13.68	10.53	13.68	9.25
21.44	22.71	21.44	19.52
12.7	15.09	12.7	12.64
13.81	14.75	13.81	14.59
44.3	39.61	44.3	39.56
10.51	10.13	10.51	11.72
45.45	63.88	45.45	50.6
1.39	1.11	1.39	0.34
2.45	2.38	2.45	1.87
10.03	18.6	10.03	12.45
1.83	2.1	1.83	1.53
68.81	54.81	68.81	42.44
9.57	10.41	9.57	9.52
4.02	6.33	4.02	5.18
0	0.06	0	0
40.18	27.67	40.18	21.63
0	0	0	0
55.15	253.8	55.15	243.69
16.8	13.36	16.8	20.54
3.81	12.41	3.81	5.4
0.99	1.05	0.99	0.62
2.15	1.31	2.15	1.06
0.32	2.94	0.32	0
0.18	0.23	0.18	0.24
0	0	0	0.04
3.8	3.76	3.8	2.1
0	0	0	0
0.14	0.4	0.14	0
0	0	0	0
8.01	8.86	8.01	8.05
0	0	0	0
50.62	46.35	50.62	46.93
0.01	0	0.01	0
29.26	36.24	29.26	40.02
0	0	0	0
0	0	0	0
19.9	14.47	19.9	12.48
0.14	0.08	0.14	0
7.43	7.27	7.43	4.9
0	0	0	0
2.95	2.81	2.95	2.39
0	0	0	0
29.54	31.02	29.54	29.09
56.27	45.76	56.27	36.91
0	0	0	0
0	0	0	0
1.44	0.29	1.44	0
0.24	0.06	0.24	0.35
0.92	0.03	0.92	0
1171.23	771.99	1171.23	1289.35
0.6	0.88	0.6	0.85
20.9	22.98	20.9	16.05
0	0.1	0	0
0	0	0	0
128.29	168.71	128.29	224.15
12.64	13.13	12.64	12.78
1.1	0.44	1.1	0.97
0.34	0.14	0.34	0
35.64	36.28	35.64	23.17
0	0	0	0
0.06	0	0.06	0.05
71.45	63.55	71.45	78.92
0	0	0	0
154.44	109.54	154.44	122.34
156.6	121.94	156.6	162.42
3.95	3.88	3.95	4.14
0	0	0	0
18.98	10.43	18.98	13.06
72.84	70.03	72.84	65.14
0	0	0	0
0	0	0	0
6.31	9.24	6.31	20.51
1.6	1.96	1.6	1.45
0.22	0.07	0.22	0
44.24	54.97	44.24	54.4
1.67	3.48	1.67	4.53
0	0	0	0
30.42	35.35	30.42	35.69
36.41	30.54	36.41	26.1
4.39	3.58	4.39	4.67
69.35	53	69.35	59.49
0	0.06	0	0
0	0	0	0
260.06	294.57	260.06	271
33.61	42.56	33.61	48.34
32.09	22.16	32.09	20.54
61.38	22.97	61.38	23.89
0	0	0	0
26.87	21.62	26.87	16.9
0	0	0	0
34.26	31.91	34.26	26.69
0	0	0	0
22.02	25.06	22.02	25.41
10.67	21.6	10.67	18.16
33.16	38.08	33.16	35.04
0	0	0	0
7.09	11.22	7.09	9.97
0	0	0	0
68.55	56.77	68.55	44.51
24.05	29.85	24.05	29.03
0	0.09	0	0
54.79	58.96	54.79	60.95
9.97	18.59	9.97	12.35
0	0	0	0
11.21	27.98	11.21	12.13
